71.00 77.18 25.10
71.00 77.18 25.10
71.00 77.18 25.10
71.00 77.18 25.10
71.00 77.54 25.30
71.00 77.54 25.30
71.00 77.54 25.30
71.00 77.54 25.30
70.00 77.54 25.30
70.00 77.54 25.30
70.00 77.54 25.30
70.00 77.54 25.30
71.00 77.54 25.30
71.00 77.54 25.30
71.00 77.54 25.30
71.00 77.54 25.30
71.00 77.54 25.30
71.00 77.54 25.30
71.00 77.54 25.30
71.00 77.54 25.30
70.00 77.54 25.30
70.00 77.54 25.30
70.00 77.54 25.30
70.00 77.54 25.30
70.00 77.54 25.30
70.00 77.54 25.30
70.00 77.54 25.30
70.00 77.54 25.30
70.00 77.54 25.30
70.00 77.54 25.30
70.00 77.54 25.30
70.00 77.54 25.30
70.00 77.54 25.30
70.00 77.54 25.30
70.00 77.54 25.30
70.00 77.54 25.30
69.00 77.54 25.30
69.00 77.54 25.30
69.00 77.54 25.30
69.00 77.54 25.30
69.00 77.72 25.40
69.00 77.72 25.40
69.00 77.72 25.40
69.00 77.72 25.40
68.00 77.72 25.40
68.00 77.72 25.40
68.00 77.72 25.40
68.00 77.72 25.40
69.00 77.72 25.40
69.00 77.72 25.40
69.00 77.72 25.40
69.00 77.72 25.40
69.00 77.54 25.30
69.00 77.54 25.30
69.00 77.54 25.30
69.00 77.54 25.30
69.00 77.54 25.30
69.00 77.54 25.30
69.00 77.54 25.30
69.00 77.54 25.30
68.00 77.72 25.40
68.00 77.72 25.40
68.00 77.72 25.40
68.00 77.72 25.40
69.00 77.54 25.30
69.00 77.54 25.30
69.00 77.54 25.30
69.00 77.54 25.30
69.00 77.72 25.40
69.00 77.72 25.40
69.00 77.72 25.40
69.00 77.72 25.40
69.00 77.72 25.40
69.00 77.72 25.40
69.00 77.72 25.40
69.00 77.72 25.40
69.00 77.54 25.30
69.00 77.54 25.30
69.00 77.54 25.30
69.00 77.54 25.30
70.00 77.90 25.50
70.00 77.90 25.50
70.00 77.90 25.50
70.00 77.90 25.50
73.00 77.90 25.50
73.00 77.90 25.50
73.00 77.90 25.50
73.00 77.90 25.50
74.00 77.90 25.50
74.00 77.90 25.50
74.00 77.90 25.50
74.00 77.90 25.50
73.00 78.08 25.60
73.00 78.08 25.60
73.00 78.08 25.60
73.00 78.08 25.60
72.00 78.08 25.60
72.00 78.08 25.60
72.00 78.08 25.60
72.00 78.08 25.60
72.00 78.08 25.60
72.00 78.08 25.60
72.00 78.08 25.60
72.00 78.08 25.60
71.00 78.26 25.70
71.00 78.26 25.70
71.00 78.26 25.70
71.00 78.26 25.70
71.00 78.44 25.80
71.00 78.44 25.80
71.00 78.44 25.80
71.00 78.44 25.80
71.00 78.44 25.80
71.00 78.44 25.80
71.00 78.44 25.80
71.00 78.44 25.80
70.00 78.62 25.90
70.00 78.62 25.90
70.00 78.62 25.90
70.00 78.62 25.90
71.00 78.80 26.00
71.00 78.80 26.00
71.00 78.80 26.00
71.00 78.80 26.00
71.00 78.98 26.10
71.00 78.98 26.10
71.00 78.98 26.10
71.00 78.98 26.10
71.00 79.16 26.20
71.00 79.16 26.20
71.00 79.16 26.20
71.00 79.16 26.20
71.00 79.52 26.40
71.00 79.52 26.40
71.00 79.52 26.40
71.00 79.52 26.40
70.00 79.70 26.50
70.00 79.70 26.50
70.00 79.70 26.50
70.00 79.70 26.50
69.00 79.70 26.50
69.00 79.70 26.50
69.00 79.70 26.50
69.00 79.70 26.50
69.00 80.06 26.70
69.00 80.06 26.70
69.00 80.06 26.70
69.00 80.06 26.70
70.00 80.06 26.70
70.00 80.06 26.70
70.00 80.06 26.70
70.00 80.06 26.70
70.00 80.42 26.90
70.00 80.42 26.90
70.00 80.42 26.90
70.00 80.42 26.90
69.00 80.60 27.00
69.00 80.60 27.00
69.00 80.60 27.00
69.00 80.60 27.00
68.00 80.78 27.10
68.00 80.78 27.10
68.00 80.78 27.10
68.00 80.78 27.10
67.00 80.96 27.20
67.00 80.96 27.20
67.00 80.96 27.20
67.00 80.96 27.20
66.00 81.14 27.30
66.00 81.14 27.30
66.00 81.14 27.30
66.00 81.14 27.30
66.00 81.14 27.30
66.00 81.14 27.30
66.00 81.14 27.30
66.00 81.14 27.30
65.00 81.50 27.50
65.00 81.50 27.50
65.00 81.50 27.50
65.00 81.50 27.50
65.00 81.50 27.50
65.00 81.50 27.50
65.00 81.50 27.50
65.00 81.50 27.50